4, 0.552224, [172, 100, 101, 200]
5, 0.572418, [172, 100, 101, 100, 100]
5, 0.572037, [173, 100, 100, 100, 100]
5, 0.572037, [173, 100, 100, 100, 100]
5, 0.572418, [172, 100, 101, 100, 100]
5, 0.572418, [172, 100, 101, 100, 100]
5, 0.554964, [88, 85, 100, 100, 200]
5, 0.555933, [87, 100, 100, 86, 200]
5, 0.572418, [100, 101, 172, 100, 100]
4, 0.552224, [172, 100, 101, 200]
5, 0.572418, [172, 100, 101, 100, 100]
5, 0.572418, [100, 101, 172, 100, 100]
4, 0.552224, [172, 100, 101, 200]
5, 0.572418, [172, 100, 101, 100, 100]
5, 0.572418, [172, 100, 101, 100, 100]
5, 0.572037, [173, 100, 100, 100, 100]
5, 0.555524, [95, 100, 101, 77, 200]
4, 0.552224, [172, 100, 101, 200]
5, 0.572418, [100, 172, 100, 101, 100]
5, 0.572418, [172, 100, 101, 100, 100]
5, 0.556551, [76, 96, 100, 101, 200]
5, 0.552913, [84, 89, 100, 100, 200]
5, 0.572418, [172, 100, 101, 100, 100]
5, 0.572418, [172, 100, 101, 100, 100]
5, 0.572418, [172, 100, 101, 100, 100]
5, 0.572418, [172, 100, 101, 100, 100]
5, 0.555788, [91, 81, 100, 101, 200]
5, 0.552057, [80, 100, 100, 93, 200]
5, 0.572418, [172, 100, 101, 100, 100]
5, 0.559615, [100, 102, 101, 170, 100]
5, 0.572418, [172, 100, 101, 100, 100]
5, 0.572037, [173, 100, 100, 100, 100]
5, 0.572418, [172, 100, 101, 100, 100]
5, 0.572037, [173, 100, 100, 100, 100]
4, 0.552224, [172, 100, 101, 200]
5, 0.556363, [81, 91, 100, 101, 200]
5, 0.572418, [172, 100, 101, 100, 100]
5, 0.572418, [172, 100, 101, 100, 100]
5, 0.572418, [172, 100, 101, 100, 100]
5, 0.572418, [172, 100, 101, 100, 100]
5, 0.555407, [87, 86, 100, 100, 200]
5, 0.572418, [172, 100, 101, 100, 100]
4, 0.54021, [99, 173, 101, 200]
5, 0.572418, [172, 100, 101, 100, 100]
5, 0.556085, [100, 101, 92, 200, 80]
5, 0.572037, [173, 100, 100, 100, 100]
4, 0.552224, [172, 100, 101, 200]
5, 0.552505, [97, 75, 100, 101, 200]
5, 0.572037, [173, 100, 100, 100, 100]
5, 0.572418, [172, 100, 101, 100, 100]
4, 0.552224, [172, 100, 101, 200]
4, 0.552231, [173, 200, 100, 100]
5, 0.572418, [172, 100, 101, 100, 100]